matureform	total copies	rno_Cortex-adult,rno_Cortex-embryo,rno_Glioma-C6,rno_Hippocamp-adult,rno_Neurobl-B35,rno_Neurobl-B35-dcAMP,rno_Neurobl-B35-noFBS,rno_Neurobl-B35-RA,rno_Pheochrom-PC12,rno_Pheochrom-PC12-NGF,rno_Striatum-adult,rno_Striatum-embryo,rno_Thyroid-FRTL5,rno_Thyroid-FRTL5-Ras,rno_Thyroid-FRTL5-Ras-tamox-48h,rno_Thyroid-FRTL5-Ras-tamox-7d
rno-let-7a	163.500	0.00658,0.00384,0.00000,0.02222,0.00156,0.00000,0.00000,0.00119,0.00347,0.00000,0.00856,0.00125,0.02153,0.01649,0.04048,0.01333
rno-let-7b	311.500	0.01693,0.01270,0.01764,0.03879,0.00000,0.00392,0.00498,0.00237,0.00347,0.00153,0.01504,0.00997,0.06458,0.05547,0.04782,0.02122
rno-let-7c	344.334	0.02822,0.00794,0.00705,0.05556,0.00312,0.00000,0.00664,0.00119,0.00173,0.00153,0.03133,0.01163,0.04987,0.03598,0.05483,0.03850
rno-let-7d	67.333	0.01016,0.00159,0.00000,0.00525,0.00000,0.00000,0.00000,0.00119,0.00000,0.00000,0.00501,0.00083,0.00959,0.00600,0.01427,0.00592
rno-let-7e	59.333	0.00489,0.00079,0.00000,0.00364,0.00000,0.00196,0.00000,0.00000,0.00000,0.00000,0.00125,0.00042,0.01087,0.00300,0.01652,0.00494
rno-let-7f	131.667	0.00884,0.00146,0.00353,0.02727,0.00000,0.00000,0.00166,0.00000,0.00173,0.00000,0.00731,0.00083,0.01066,0.01049,0.03071,0.01185
rno-let-7i	67.333	0.00339,0.00106,0.00353,0.00848,0.00000,0.00000,0.00000,0.00237,0.00173,0.00306,0.01044,0.00000,0.00554,0.01649,0.00968,0.00592
rno-miR-1	1.000	0.00000,0.00000,0.00000,0.00000,0.00000,0.00000,0.00000,0.00000,0.00000,0.00000,0.00125,0.00000,0.00000,0.00000,0.00000,0.00000
rno-miR-100	18.000	0.00113,0.00159,0.00176,0.00000,0.00000,0.00000,0.00000,0.00000,0.00000,0.00000,0.00000,0.00042,0.00959,0.00600,0.00100,0.00000
rno-miR-101a-3p	13.000	0.00226,0.00079,0.00000,0.00121,0.00000,0.00000,0.00000,0.00000,0.00347,0.00153,0.00125,0.00166,0.00000,0.00150,0.00050,0.00099
rno-miR-101a-5p	3.000	0.00000,0.00000,0.00000,0.00242,0.00000,0.00000,0.00000,0.00119,0.00000,0.00000,0.00000,0.00000,0.00000,0.00000,0.00000,0.00000
rno-miR-101b	11.000	0.00113,0.00079,0.00000,0.00000,0.00000,0.00000,0.00166,0.00119,0.00000,0.00306,0.00000,0.00000,0.00000,0.00300,0.00100,0.00099
rno-miR-103	15.000	0.00113,0.00000,0.00176,0.00303,0.00000,0.00196,0.00000,0.00000,0.00000,0.00306,0.00000,0.00000,0.00128,0.00300,0.00100,0.00247
rno-miR-105-5p	0.000	0.00000,0.00000,0.00000,0.00000,0.00000,0.00000,0.00000,0.00000,0.00000,0.00000,0.00000,0.00000,0.00000,0.00000,0.00000,0.00000
rno-miR-106b	27.000	0.00000,0.00397,0.00000,0.00000,0.00467,0.00000,0.00166,0.00237,0.00347,0.00000,0.00000,0.00166,0.00512,0.00450,0.00200,0.00099
rno-miR-107	2.000	0.00000,0.00000,0.00000,0.00061,0.00000,0.00000,0.00000,0.00000,0.00000,0.00000,0.00000,0.00000,0.00000,0.00000,0.00050,0.00049
rno-miR-10a-3p	1.000	0.00000,0.00000,0.00000,0.00000,0.00000,0.00196,0.00000,0.00000,0.00000,0.00000,0.00000,0.00000,0.00000,0.00000,0.00000,0.00000
rno-miR-10a-5p	1.000	0.00000,0.00000,0.00000,0.00000,0.00000,0.00000,0.00000,0.00000,0.00000,0.00000,0.00000,0.00000,0.00000,0.00000,0.00000,0.00099
rno-miR-10b-5p	0.000	0.00000,0.00000,0.00000,0.00000,0.00000,0.00000,0.00000,0.00000,0.00000,0.00000,0.00000,0.00000,0.00000,0.00000,0.00000,0.00000
rno-miR-122	5.000	0.00000,0.00000,0.00000,0.00364,0.00000,0.00000,0.00166,0.00000,0.00000,0.00000,0.00000,0.00083,0.00000,0.00000,0.00000,0.00000
rno-miR-124	1812.999	0.23589,0.48492,0.00529,0.19515,0.00000,0.00000,0.00000,0.00356,0.00000,0.00153,0.21679,0.54153,0.00000,0.00000,0.00000,0.00000
rno-miR-125a-3p	27.000	0.00000,0.00317,0.00529,0.00000,0.00000,0.00000,0.00498,0.00949,0.00347,0.00153,0.00000,0.00000,0.00128,0.00150,0.00100,0.00197
rno-miR-125a-5p	57.000	0.00677,0.00159,0.00000,0.01455,0.00312,0.00196,0.00000,0.00119,0.00520,0.00153,0.00627,0.00166,0.00639,0.00300,0.00651,0.00197
rno-miR-125b	242.000	0.01806,0.01548,0.02646,0.01576,0.00623,0.01961,0.02575,0.00890,0.00607,0.00919,0.01316,0.01453,0.03325,0.02249,0.02278,0.01728
rno-miR-125b-3p	194.000	0.00000,0.01349,0.03175,0.00000,0.02648,0.03137,0.05150,0.07711,0.00173,0.00919,0.00000,0.00249,0.00767,0.00750,0.00351,0.00197
rno-miR-125b-5p	247.000	0.01806,0.01627,0.02646,0.01576,0.00623,0.01961,0.02741,0.00890,0.00607,0.00919,0.01316,0.01537,0.03325,0.02249,0.02328,0.01826
rno-miR-126	202.000	0.07449,0.00714,0.00000,0.05818,0.00312,0.00196,0.00498,0.00593,0.00000,0.00153,0.04637,0.02076,0.00000,0.00000,0.00200,0.00099
rno-miR-127	36.000	0.01806,0.00079,0.00000,0.00606,0.00000,0.00000,0.00000,0.00000,0.00000,0.00000,0.01754,0.00000,0.00000,0.00000,0.00000,0.00000
rno-miR-128a	27.000	0.01185,0.00040,0.00000,0.00727,0.00000,0.00000,0.00000,0.00000,0.00000,0.00000,0.00564,0.00125,0.00320,0.00075,0.00025,0.00049
rno-miR-128b	22.000	0.00734,0.00040,0.00000,0.00606,0.00000,0.00000,0.00000,0.00000,0.00000,0.00000,0.00313,0.00291,0.00320,0.00075,0.00025,0.00049
rno-miR-129	29.000	0.01242,0.00000,0.00000,0.00970,0.00156,0.00392,0.00000,0.00000,0.00000,0.00000,0.00627,0.00166,0.00000,0.00000,0.00000,0.00000
rno-miR-130a	203.000	0.00564,0.00159,0.01764,0.00121,0.01402,0.00588,0.00332,0.02017,0.01213,0.00919,0.00251,0.00332,0.02558,0.03148,0.03005,0.03356
rno-miR-130b	9.000	0.00000,0.00079,0.00000,0.00121,0.00312,0.00000,0.00000,0.00237,0.00173,0.00306,0.00000,0.00000,0.00000,0.00000,0.00000,0.00000
rno-miR-132	18.000	0.00903,0.00000,0.00000,0.00242,0.00000,0.00000,0.00000,0.00000,0.00000,0.00000,0.00627,0.00000,0.00000,0.00000,0.00150,0.00000
rno-miR-133a	0.500	0.00000,0.00000,0.00000,0.00000,0.00000,0.00000,0.00000,0.00059,0.00000,0.00000,0.00000,0.00000,0.00000,0.00000,0.00000,0.00000
rno-miR-133b	0.500	0.00000,0.00000,0.00000,0.00000,0.00000,0.00000,0.00000,0.00059,0.00000,0.00000,0.00000,0.00000,0.00000,0.00000,0.00000,0.00000
rno-miR-134	10.000	0.00000,0.00238,0.00000,0.00000,0.00000,0.00000,0.00000,0.00000,0.00000,0.00000,0.00251,0.00415,0.00000,0.00000,0.00000,0.00000
rno-miR-135a	40.000	0.00113,0.00000,0.00000,0.00000,0.00000,0.00000,0.00000,0.00000,0.00000,0.00000,0.00000,0.00000,0.00512,0.00300,0.01202,0.00888
rno-miR-135b	24.000	0.00113,0.00159,0.00000,0.00000,0.00000,0.00000,0.00000,0.00000,0.00000,0.00000,0.00000,0.00249,0.00000,0.00300,0.00351,0.00888
rno-miR-136	64.000	0.01242,0.00714,0.00000,0.00848,0.00156,0.00000,0.00000,0.00000,0.00000,0.00000,0.01128,0.02243,0.00000,0.00000,0.00000,0.00000
rno-miR-137	30.000	0.00339,0.00317,0.00000,0.00000,0.00000,0.00000,0.00000,0.00000,0.01040,0.01378,0.00125,0.00581,0.00000,0.00000,0.00000,0.00000
rno-miR-138	38.000	0.00790,0.00317,0.00000,0.00364,0.00000,0.00196,0.00000,0.00000,0.00000,0.00766,0.01253,0.00498,0.00000,0.00000,0.00050,0.00099
rno-miR-139-3p	3.000	0.00000,0.00000,0.00000,0.00000,0.00000,0.00000,0.00000,0.00000,0.00000,0.00000,0.00125,0.00000,0.00000,0.00000,0.00100,0.00000
rno-miR-139-5p	7.000	0.00113,0.00000,0.00000,0.00121,0.00000,0.00000,0.00000,0.00000,0.00000,0.00000,0.00125,0.00000,0.00000,0.00000,0.00150,0.00099
rno-miR-140	159.000	0.01242,0.00079,0.05467,0.00606,0.02492,0.00000,0.03654,0.01898,0.02600,0.01685,0.00877,0.00083,0.00384,0.00300,0.00701,0.00395
rno-miR-141	1.000	0.00000,0.00000,0.00000,0.00000,0.00000,0.00000,0.00000,0.00119,0.00000,0.00000,0.00000,0.00000,0.00000,0.00000,0.00000,0.00000
rno-miR-142-3p	8.000	0.00000,0.00000,0.00000,0.00121,0.00156,0.00588,0.00332,0.00000,0.00000,0.00000,0.00000,0.00083,0.00000,0.00000,0.00000,0.00000
rno-miR-142-5p	27.000	0.00113,0.00079,0.00000,0.00121,0.01869,0.00392,0.00000,0.00949,0.00000,0.00000,0.00125,0.00083,0.00000,0.00000,0.00000,0.00000
rno-miR-143	56.000	0.01806,0.00000,0.00176,0.01212,0.00000,0.00000,0.00000,0.00000,0.00867,0.00000,0.02757,0.00000,0.00000,0.00000,0.00100,0.00000
rno-miR-144	5.000	0.00226,0.00000,0.00000,0.00121,0.00000,0.00000,0.00000,0.00000,0.00000,0.00000,0.00125,0.00083,0.00000,0.00000,0.00000,0.00000
rno-miR-145	1.000	0.00000,0.00000,0.00000,0.00000,0.00000,0.00000,0.00000,0.00000,0.00000,0.00000,0.00000,0.00000,0.00000,0.00000,0.00000,0.00099
rno-miR-146a	1.000	0.00000,0.00000,0.00000,0.00121,0.00000,0.00000,0.00000,0.00000,0.00000,0.00000,0.00000,0.00000,0.00000,0.00000,0.00000,0.00000
rno-miR-146b-5p	0.000	0.00000,0.00000,0.00000,0.00000,0.00000,0.00000,0.00000,0.00000,0.00000,0.00000,0.00000,0.00000,0.00000,0.00000,0.00000,0.00000
rno-miR-147	3.000	0.00000,0.00000,0.00000,0.00000,0.00000,0.00000,0.00000,0.00000,0.00000,0.00000,0.00000,0.00000,0.00000,0.00000,0.00150,0.00000
rno-miR-148b	2.000	0.00000,0.00000,0.00000,0.00000,0.00156,0.00000,0.00000,0.00000,0.00000,0.00000,0.00000,0.00000,0.00000,0.00000,0.00000,0.00099
rno-miR-149-3p	3.000	0.00000,0.00079,0.00000,0.00000,0.00000,0.00000,0.00000,0.00237,0.00000,0.00000,0.00000,0.00000,0.00000,0.00000,0.00000,0.00000
rno-miR-149-5p	3.000	0.00000,0.00000,0.00000,0.00000,0.00000,0.00000,0.00000,0.00000,0.00000,0.00000,0.00251,0.00083,0.00000,0.00000,0.00000,0.00000
rno-miR-150	3.000	0.00226,0.00000,0.00000,0.00000,0.00000,0.00000,0.00000,0.00000,0.00000,0.00000,0.00125,0.00000,0.00000,0.00000,0.00000,0.00000
rno-miR-151	21.000	0.00339,0.00000,0.00000,0.01091,0.00000,0.00000,0.00000,0.00000,0.00000,0.00000,0.00000,0.00000,0.00256,0.00450,0.00200,0.00000
rno-miR-152	3.000	0.00000,0.00000,0.00000,0.00000,0.00000,0.00000,0.00166,0.00119,0.00173,0.00000,0.00000,0.00000,0.00000,0.00000,0.00000,0.00000
rno-miR-153	20.000	0.00903,0.00000,0.00000,0.00121,0.00000,0.00000,0.00000,0.00000,0.00000,0.00000,0.01128,0.00166,0.00000,0.00000,0.00000,0.00000
rno-miR-154	7.000	0.00113,0.00000,0.00000,0.00121,0.00000,0.00000,0.00000,0.00000,0.00000,0.00000,0.00501,0.00083,0.00000,0.00000,0.00000,0.00000
rno-miR-155	6.000	0.00000,0.00079,0.00529,0.00000,0.00156,0.00000,0.00166,0.00000,0.00000,0.00000,0.00000,0.00000,0.00000,0.00000,0.00000,0.00000
rno-miR-15a	356.000	0.00564,0.01032,0.04233,0.00000,0.04050,0.00196,0.00831,0.02017,0.05719,0.04288,0.00877,0.01495,0.04859,0.04798,0.03806,0.03258
rno-miR-15b	34.000	0.00000,0.00000,0.00529,0.00000,0.00000,0.00000,0.00000,0.00000,0.00173,0.00000,0.00125,0.00083,0.00256,0.00300,0.00951,0.00494
rno-miR-16	912.000	0.01354,0.00159,0.13404,0.01091,0.12461,0.01176,0.08638,0.10320,0.14385,0.12864,0.02130,0.01080,0.09335,0.12294,0.06385,0.10711
rno-miR-17	13.500	0.00000,0.00040,0.00176,0.00121,0.00389,0.00392,0.00249,0.00178,0.00000,0.00153,0.00063,0.00042,0.00000,0.00075,0.00000,0.00099
rno-miR-17-3p	9.000	0.00000,0.00079,0.00176,0.00000,0.00467,0.00392,0.00166,0.00119,0.00000,0.00000,0.00000,0.00000,0.00000,0.00000,0.00000,0.00000
rno-miR-17-5p	12.500	0.00000,0.00040,0.00000,0.00121,0.00389,0.00196,0.00415,0.00178,0.00000,0.00153,0.00063,0.00042,0.00000,0.00075,0.00000,0.00099
rno-miR-181a	56.000	0.01016,0.00317,0.00176,0.00848,0.00000,0.00000,0.00000,0.00119,0.00000,0.00000,0.01754,0.00498,0.00000,0.00300,0.00100,0.00987
rno-miR-181b	23.000	0.00339,0.00079,0.00176,0.00364,0.00000,0.00000,0.00166,0.00119,0.00000,0.00000,0.00627,0.00166,0.00000,0.00000,0.00050,0.00494
rno-miR-181c	9.000	0.00000,0.00238,0.00000,0.00121,0.00000,0.00000,0.00000,0.00000,0.00000,0.00000,0.00000,0.00332,0.00000,0.00000,0.00050,0.00000
rno-miR-181d	5.000	0.00000,0.00000,0.00000,0.00000,0.00000,0.00392,0.00000,0.00000,0.00173,0.00000,0.00000,0.00083,0.00000,0.00000,0.00050,0.00000
rno-miR-182	13.000	0.00000,0.00000,0.00000,0.00000,0.00000,0.00000,0.00000,0.00000,0.00173,0.00153,0.00000,0.00000,0.00767,0.00450,0.00050,0.00099
rno-miR-183	7.000	0.00000,0.00000,0.00000,0.00000,0.00000,0.00000,0.00000,0.00000,0.00173,0.00000,0.00000,0.00000,0.00384,0.00150,0.00050,0.00099
rno-miR-184	1.000	0.00113,0.00000,0.00000,0.00000,0.00000,0.00000,0.00000,0.00000,0.00000,0.00000,0.00000,0.00000,0.00000,0.00000,0.00000,0.00000
rno-miR-185	14.000	0.00226,0.00000,0.00000,0.00000,0.00000,0.00196,0.00000,0.00000,0.00173,0.00153,0.00000,0.00000,0.00639,0.00150,0.00150,0.00000
rno-miR-186	40.000	0.00226,0.00000,0.00176,0.00121,0.00779,0.00588,0.00166,0.00000,0.00520,0.00459,0.00376,0.00166,0.00639,0.00000,0.00451,0.00197
rno-miR-187	3.000	0.00113,0.00000,0.00000,0.00000,0.00000,0.00196,0.00000,0.00000,0.00000,0.00000,0.00000,0.00000,0.00128,0.00000,0.00000,0.00000
rno-miR-188	12.000	0.00000,0.00000,0.00000,0.00121,0.00156,0.00000,0.00000,0.00119,0.00347,0.00153,0.00000,0.00083,0.00000,0.00150,0.00150,0.00099
rno-miR-18a	15.000	0.00000,0.00079,0.00000,0.00000,0.00156,0.00000,0.00166,0.00000,0.00000,0.00000,0.00000,0.00415,0.00384,0.00000,0.00100,0.00197
rno-miR-18b-5p	0.000	0.00000,0.00000,0.00000,0.00000,0.00000,0.00000,0.00000,0.00000,0.00000,0.00000,0.00000,0.00000,0.00000,0.00000,0.00000,0.00000
rno-miR-190-5p	0.000	0.00000,0.00000,0.00000,0.00000,0.00000,0.00000,0.00000,0.00000,0.00000,0.00000,0.00000,0.00000,0.00000,0.00000,0.00000,0.00000
rno-miR-190b	1.000	0.00000,0.00000,0.00000,0.00000,0.00000,0.00000,0.00000,0.00000,0.00000,0.00000,0.00000,0.00000,0.00000,0.00000,0.00000,0.00099
rno-miR-191	153.000	0.02032,0.00000,0.00000,0.01455,0.00312,0.00000,0.00166,0.00356,0.00173,0.00613,0.01504,0.00083,0.02558,0.02399,0.02504,0.01283
rno-miR-192-5p	0.000	0.00000,0.00000,0.00000,0.00000,0.00000,0.00000,0.00000,0.00000,0.00000,0.00000,0.00000,0.00000,0.00000,0.00000,0.00000,0.00000
rno-miR-193	8.000	0.00000,0.00000,0.00176,0.00000,0.00000,0.00980,0.00000,0.00000,0.00347,0.00000,0.00000,0.00000,0.00000,0.00000,0.00000,0.00000
rno-miR-194	2.000	0.00000,0.00000,0.00000,0.00000,0.00000,0.00000,0.00000,0.00119,0.00000,0.00000,0.00000,0.00000,0.00000,0.00000,0.00050,0.00000
rno-miR-195	47.000	0.00000,0.00000,0.00000,0.00000,0.00000,0.00000,0.00166,0.00119,0.01906,0.02297,0.00000,0.00000,0.00384,0.00750,0.00275,0.00543
rno-miR-196a	6.833	0.00000,0.00000,0.00000,0.00000,0.00312,0.00065,0.00166,0.00415,0.00000,0.00000,0.00000,0.00000,0.00000,0.00000,0.00000,0.00000
rno-miR-196b	20.833	0.00000,0.00000,0.01058,0.00000,0.00467,0.01046,0.00332,0.00534,0.00000,0.00000,0.00000,0.00000,0.00000,0.00000,0.00000,0.00000
rno-miR-196c	5.333	0.00000,0.00000,0.00000,0.00000,0.00156,0.00850,0.00000,0.00000,0.00000,0.00000,0.00000,0.00000,0.00000,0.00000,0.00000,0.00000
rno-miR-199a	1.000	0.00000,0.00000,0.00000,0.00000,0.00000,0.00000,0.00000,0.00119,0.00000,0.00000,0.00000,0.00000,0.00000,0.00000,0.00000,0.00000
rno-miR-19a	5.000	0.00000,0.00000,0.00000,0.00000,0.00156,0.00000,0.00000,0.00000,0.00000,0.00000,0.00000,0.00083,0.00000,0.00000,0.00150,0.00000
rno-miR-19b	13.000	0.00000,0.00079,0.00000,0.00121,0.00000,0.00196,0.00000,0.00356,0.00000,0.00153,0.00000,0.00083,0.00000,0.00150,0.00050,0.00296
rno-miR-200a-3p	0.000	0.00000,0.00000,0.00000,0.00000,0.00000,0.00000,0.00000,0.00000,0.00000,0.00000,0.00000,0.00000,0.00000,0.00000,0.00000,0.00000
rno-miR-200b-3p	0.000	0.00000,0.00000,0.00000,0.00000,0.00000,0.00000,0.00000,0.00000,0.00000,0.00000,0.00000,0.00000,0.00000,0.00000,0.00000,0.00000
rno-miR-200c-3p	0.000	0.00000,0.00000,0.00000,0.00000,0.00000,0.00000,0.00000,0.00000,0.00000,0.00000,0.00000,0.00000,0.00000,0.00000,0.00000,0.00000
rno-miR-201-5p	0.000	0.00000,0.00000,0.00000,0.00000,0.00000,0.00000,0.00000,0.00000,0.00000,0.00000,0.00000,0.00000,0.00000,0.00000,0.00000,0.00000
rno-miR-202-3p	0.000	0.00000,0.00000,0.00000,0.00000,0.00000,0.00000,0.00000,0.00000,0.00000,0.00000,0.00000,0.00000,0.00000,0.00000,0.00000,0.00000
rno-miR-203-3p	0.000	0.00000,0.00000,0.00000,0.00000,0.00000,0.00000,0.00000,0.00000,0.00000,0.00000,0.00000,0.00000,0.00000,0.00000,0.00000,0.00000
rno-miR-204	6.000	0.00000,0.00000,0.00176,0.00485,0.00000,0.00000,0.00166,0.00000,0.00000,0.00000,0.00000,0.00000,0.00000,0.00000,0.00000,0.00000
rno-miR-205-5p	0.000	0.00000,0.00000,0.00000,0.00000,0.00000,0.00000,0.00000,0.00000,0.00000,0.00000,0.00000,0.00000,0.00000,0.00000,0.00000,0.00000
rno-miR-206	3.000	0.00000,0.00000,0.00000,0.00242,0.00000,0.00000,0.00000,0.00000,0.00000,0.00000,0.00125,0.00000,0.00000,0.00000,0.00000,0.00000
rno-miR-207-3p	0.000	0.00000,0.00000,0.00000,0.00000,0.00000,0.00000,0.00000,0.00000,0.00000,0.00000,0.00000,0.00000,0.00000,0.00000,0.00000,0.00000
rno-miR-208-3p	0.000	0.00000,0.00000,0.00000,0.00000,0.00000,0.00000,0.00000,0.00000,0.00000,0.00000,0.00000,0.00000,0.00000,0.00000,0.00000,0.00000
rno-miR-208b-3p	0.000	0.00000,0.00000,0.00000,0.00000,0.00000,0.00000,0.00000,0.00000,0.00000,0.00000,0.00000,0.00000,0.00000,0.00000,0.00000,0.00000
rno-miR-20a	9.000	0.00000,0.00159,0.00176,0.00000,0.00467,0.00000,0.00332,0.00000,0.00000,0.00000,0.00000,0.00000,0.00000,0.00000,0.00000,0.00099
rno-miR-20b	4.000	0.00000,0.00000,0.00000,0.00000,0.00000,0.00588,0.00166,0.00000,0.00000,0.00000,0.00000,0.00000,0.00000,0.00000,0.00000,0.00000
rno-miR-21	269.000	0.00226,0.00079,0.02293,0.00364,0.01869,0.01765,0.03654,0.02017,0.00000,0.00153,0.00251,0.00000,0.00512,0.00300,0.03756,0.10464
rno-miR-210	27.000	0.00000,0.00000,0.00000,0.00000,0.00000,0.00784,0.00166,0.00119,0.01733,0.00766,0.00000,0.00083,0.00000,0.00450,0.00100,0.00000
rno-miR-211-5p	0.000	0.00000,0.00000,0.00000,0.00000,0.00000,0.00000,0.00000,0.00000,0.00000,0.00000,0.00000,0.00000,0.00000,0.00000,0.00000,0.00000
rno-miR-212	1.000	0.00000,0.00000,0.00000,0.00000,0.00000,0.00000,0.00000,0.00000,0.00000,0.00000,0.00125,0.00000,0.00000,0.00000,0.00000,0.00000
rno-miR-214-3p	0.000	0.00000,0.00000,0.00000,0.00000,0.00000,0.00000,0.00000,0.00000,0.00000,0.00000,0.00000,0.00000,0.00000,0.00000,0.00000,0.00000
rno-miR-215-5p	0.000	0.00000,0.00000,0.00000,0.00000,0.00000,0.00000,0.00000,0.00000,0.00000,0.00000,0.00000,0.00000,0.00000,0.00000,0.00000,0.00000
rno-miR-216a	1.000	0.00000,0.00000,0.00000,0.00000,0.00000,0.00000,0.00000,0.00000,0.00000,0.00000,0.00125,0.00000,0.00000,0.00000,0.00000,0.00000
rno-miR-216b-5p	0.000	0.00000,0.00000,0.00000,0.00000,0.00000,0.00000,0.00000,0.00000,0.00000,0.00000,0.00000,0.00000,0.00000,0.00000,0.00000,0.00000
rno-miR-217-5p	0.000	0.00000,0.00000,0.00000,0.00000,0.00000,0.00000,0.00000,0.00000,0.00000,0.00000,0.00000,0.00000,0.00000,0.00000,0.00000,0.00000
rno-miR-218	22.000	0.00677,0.00000,0.00000,0.00606,0.00000,0.00000,0.00000,0.00000,0.00000,0.00000,0.00501,0.00000,0.00128,0.00300,0.00200,0.00000
rno-miR-219-3p	2.000	0.00113,0.00079,0.00000,0.00000,0.00000,0.00000,0.00000,0.00000,0.00000,0.00000,0.00000,0.00000,0.00000,0.00000,0.00000,0.00000
rno-miR-219-5p	3.000	0.00113,0.00000,0.00000,0.00000,0.00000,0.00000,0.00000,0.00000,0.00000,0.00000,0.00251,0.00000,0.00000,0.00000,0.00000,0.00000
rno-miR-22	384.000	0.01242,0.00476,0.02293,0.01091,0.00935,0.02941,0.02326,0.01423,0.00173,0.01531,0.00627,0.00000,0.05882,0.05547,0.07461,0.04936
rno-miR-221	9.000	0.00000,0.00000,0.00705,0.00000,0.00000,0.00000,0.00000,0.00000,0.00000,0.00000,0.00000,0.00000,0.00000,0.00000,0.00250,0.00000
rno-miR-222	8.000	0.00226,0.00000,0.00353,0.00242,0.00000,0.00196,0.00166,0.00000,0.00000,0.00000,0.00000,0.00000,0.00000,0.00000,0.00000,0.00000
rno-miR-223-3p	0.000	0.00000,0.00000,0.00000,0.00000,0.00000,0.00000,0.00000,0.00000,0.00000,0.00000,0.00000,0.00000,0.00000,0.00000,0.00000,0.00000
rno-miR-224-5p	0.000	0.00000,0.00000,0.00000,0.00000,0.00000,0.00000,0.00000,0.00000,0.00000,0.00000,0.00000,0.00000,0.00000,0.00000,0.00000,0.00000
rno-miR-23a	108.500	0.00282,0.00000,0.01940,0.00485,0.00935,0.00196,0.01495,0.01068,0.00433,0.00077,0.00000,0.00000,0.01535,0.02099,0.01577,0.00543
rno-miR-23b	117.500	0.00169,0.00000,0.00705,0.00364,0.00623,0.00588,0.01163,0.00356,0.03033,0.02374,0.00627,0.00000,0.01023,0.01649,0.00876,0.01728
rno-miR-24	453.000	0.00677,0.00000,0.04762,0.00121,0.05763,0.02549,0.05648,0.04033,0.02600,0.04594,0.00877,0.00000,0.04987,0.06297,0.04607,0.07502
rno-miR-25-3p	34.000	0.00000,0.00000,0.00529,0.00121,0.00156,0.00000,0.00166,0.00237,0.00867,0.00153,0.00125,0.00083,0.01023,0.00600,0.00100,0.00395
rno-miR-25-5p	6.000	0.00000,0.00000,0.00176,0.00000,0.00000,0.00000,0.00000,0.00000,0.00000,0.00153,0.00000,0.00000,0.00512,0.00000,0.00000,0.00000
rno-miR-26a	73.000	0.00564,0.00000,0.01058,0.01212,0.00779,0.00196,0.00166,0.00356,0.00520,0.00000,0.01504,0.00083,0.00000,0.00225,0.00901,0.00642
rno-miR-26b	25.000	0.00000,0.00000,0.00529,0.00000,0.00156,0.00000,0.00000,0.00237,0.00173,0.00306,0.00376,0.00083,0.00512,0.00075,0.00250,0.00247
rno-miR-27a	518.000	0.00451,0.00000,0.06261,0.00364,0.14097,0.01765,0.09884,0.11329,0.01733,0.03522,0.00251,0.00000,0.01726,0.04423,0.04957,0.04344
rno-miR-27b	258.000	0.00113,0.00000,0.03616,0.00606,0.01636,0.00392,0.01412,0.01246,0.01906,0.04135,0.00501,0.00000,0.01726,0.03073,0.02153,0.07996
rno-miR-28	83.000	0.00000,0.00000,0.01587,0.00000,0.00935,0.00392,0.02492,0.01779,0.00000,0.00000,0.00000,0.00000,0.00639,0.00600,0.01002,0.00691
rno-miR-290-3p	0.000	0.00000,0.00000,0.00000,0.00000,0.00000,0.00000,0.00000,0.00000,0.00000,0.00000,0.00000,0.00000,0.00000,0.00000,0.00000,0.00000
rno-miR-290-5p	0.000	0.00000,0.00000,0.00000,0.00000,0.00000,0.00000,0.00000,0.00000,0.00000,0.00000,0.00000,0.00000,0.00000,0.00000,0.00000,0.00000
rno-miR-291a-3p	0.000	0.00000,0.00000,0.00000,0.00000,0.00000,0.00000,0.00000,0.00000,0.00000,0.00000,0.00000,0.00000,0.00000,0.00000,0.00000,0.00000
rno-miR-291a-5p	0.000	0.00000,0.00000,0.00000,0.00000,0.00000,0.00000,0.00000,0.00000,0.00000,0.00000,0.00000,0.00000,0.00000,0.00000,0.00000,0.00000
rno-miR-291b-3p	0.000	0.00000,0.00000,0.00000,0.00000,0.00000,0.00000,0.00000,0.00000,0.00000,0.00000,0.00000,0.00000,0.00000,0.00000,0.00000,0.00000
rno-miR-291b-5p	0.000	0.00000,0.00000,0.00000,0.00000,0.00000,0.00000,0.00000,0.00000,0.00000,0.00000,0.00000,0.00000,0.00000,0.00000,0.00000,0.00000
rno-miR-292-3p	0.000	0.00000,0.00000,0.00000,0.00000,0.00000,0.00000,0.00000,0.00000,0.00000,0.00000,0.00000,0.00000,0.00000,0.00000,0.00000,0.00000
rno-miR-292-5p	0.000	0.00000,0.00000,0.00000,0.00000,0.00000,0.00000,0.00000,0.00000,0.00000,0.00000,0.00000,0.00000,0.00000,0.00000,0.00000,0.00000
rno-miR-293-3p	0.000	0.00000,0.00000,0.00000,0.00000,0.00000,0.00000,0.00000,0.00000,0.00000,0.00000,0.00000,0.00000,0.00000,0.00000,0.00000,0.00000
rno-miR-294-3p	0.000	0.00000,0.00000,0.00000,0.00000,0.00000,0.00000,0.00000,0.00000,0.00000,0.00000,0.00000,0.00000,0.00000,0.00000,0.00000,0.00000
rno-miR-295-3p	0.000	0.00000,0.00000,0.00000,0.00000,0.00000,0.00000,0.00000,0.00000,0.00000,0.00000,0.00000,0.00000,0.00000,0.00000,0.00000,0.00000
rno-miR-296	1.000	0.00000,0.00079,0.00000,0.00000,0.00000,0.00000,0.00000,0.00000,0.00000,0.00000,0.00000,0.00000,0.00000,0.00000,0.00000,0.00000
rno-miR-297-5p	0.000	0.00000,0.00000,0.00000,0.00000,0.00000,0.00000,0.00000,0.00000,0.00000,0.00000,0.00000,0.00000,0.00000,0.00000,0.00000,0.00000
rno-miR-297c-5p	0.000	0.00000,0.00000,0.00000,0.00000,0.00000,0.00000,0.00000,0.00000,0.00000,0.00000,0.00000,0.00000,0.00000,0.00000,0.00000,0.00000
rno-miR-298	3.000	0.00000,0.00000,0.00000,0.00000,0.00312,0.00000,0.00000,0.00119,0.00000,0.00000,0.00000,0.00000,0.00000,0.00000,0.00000,0.00000
rno-miR-299-3p	0.000	0.00000,0.00000,0.00000,0.00000,0.00000,0.00000,0.00000,0.00000,0.00000,0.00000,0.00000,0.00000,0.00000,0.00000,0.00000,0.00000
rno-miR-299-5p	0.000	0.00000,0.00000,0.00000,0.00000,0.00000,0.00000,0.00000,0.00000,0.00000,0.00000,0.00000,0.00000,0.00000,0.00000,0.00000,0.00000
rno-miR-29a	151.000	0.01467,0.00000,0.01235,0.00727,0.01090,0.00000,0.01329,0.00593,0.01386,0.01072,0.03008,0.00000,0.00639,0.01049,0.02053,0.01283
rno-miR-29b	592.000	0.03894,0.00000,0.05467,0.03273,0.04050,0.00784,0.04236,0.04745,0.07279,0.07351,0.05263,0.00000,0.03453,0.03298,0.07461,0.07305
rno-miR-29c	22.000	0.00169,0.00000,0.00000,0.00364,0.00000,0.00000,0.00083,0.00119,0.00173,0.00306,0.00251,0.00000,0.00639,0.00300,0.00100,0.00197
rno-miR-300-3p	9.000	0.00226,0.00159,0.00000,0.00121,0.00000,0.00000,0.00000,0.00000,0.00000,0.00000,0.00251,0.00166,0.00000,0.00000,0.00000,0.00000
rno-miR-300-5p	3.000	0.00113,0.00079,0.00000,0.00000,0.00000,0.00000,0.00000,0.00000,0.00000,0.00000,0.00125,0.00000,0.00000,0.00000,0.00000,0.00000
rno-miR-301a	14.000	0.00000,0.00000,0.00000,0.00000,0.00156,0.00000,0.00332,0.00000,0.00000,0.00000,0.00125,0.00000,0.00128,0.00750,0.00200,0.00000
rno-miR-301b	3.000	0.00000,0.00000,0.00000,0.00000,0.00156,0.00000,0.00000,0.00119,0.00000,0.00153,0.00000,0.00000,0.00000,0.00000,0.00000,0.00000
rno-miR-302c	1.000	0.00000,0.00000,0.00000,0.00000,0.00000,0.00000,0.00000,0.00000,0.00173,0.00000,0.00000,0.00000,0.00000,0.00000,0.00000,0.00000
rno-miR-30a	355.000	0.01354,0.00952,0.01058,0.00606,0.01246,0.08824,0.03821,0.01186,0.15078,0.13629,0.01253,0.00166,0.01151,0.00900,0.01302,0.00494
rno-miR-30b-3p	5.000	0.00000,0.00000,0.00000,0.00000,0.00156,0.00000,0.00332,0.00000,0.00000,0.00000,0.00000,0.00000,0.00000,0.00150,0.00050,0.00000
rno-miR-30b-5p	8.000	0.00000,0.00000,0.00000,0.00000,0.00000,0.00000,0.00000,0.00000,0.00000,0.00000,0.00125,0.00000,0.00128,0.00900,0.00000,0.00000
rno-miR-30c	7.500	0.00113,0.00000,0.00000,0.00121,0.00000,0.00000,0.00083,0.00000,0.00087,0.00000,0.00063,0.00000,0.00000,0.00225,0.00100,0.00049
rno-miR-30c-3p	5.000	0.00000,0.00000,0.00000,0.00121,0.00000,0.00000,0.00000,0.00000,0.00000,0.00000,0.00125,0.00083,0.00000,0.00000,0.00100,0.00000
rno-miR-30c-5p	7.500	0.00113,0.00000,0.00000,0.00121,0.00000,0.00000,0.00083,0.00000,0.00087,0.00000,0.00063,0.00000,0.00000,0.00225,0.00100,0.00049
rno-miR-30d	274.000	0.01242,0.00238,0.02293,0.00606,0.01246,0.02941,0.02990,0.01542,0.12652,0.09188,0.01629,0.00166,0.00895,0.00900,0.00751,0.01185
rno-miR-30e	244.000	0.00903,0.01429,0.02293,0.00848,0.02960,0.07451,0.04651,0.03559,0.01213,0.01991,0.01253,0.00498,0.01407,0.00750,0.00751,0.01579
rno-miR-31	6.000	0.00000,0.00000,0.01058,0.00000,0.00000,0.00000,0.00000,0.00000,0.00000,0.00000,0.00000,0.00000,0.00000,0.00000,0.00000,0.00000
rno-miR-32	41.000	0.00113,0.00079,0.00176,0.00121,0.00623,0.00000,0.00831,0.00237,0.00000,0.00306,0.00125,0.00000,0.00384,0.00300,0.00501,0.00790
rno-miR-320	3.000	0.00000,0.00000,0.00000,0.00000,0.00000,0.00196,0.00000,0.00000,0.00000,0.00000,0.00000,0.00000,0.00000,0.00000,0.00050,0.00099
rno-miR-322	57.000	0.00226,0.00000,0.00529,0.00000,0.00467,0.00000,0.00332,0.00000,0.01733,0.03522,0.00251,0.00249,0.00000,0.00000,0.00451,0.00000
rno-miR-323-3p	5.000	0.00000,0.00000,0.00000,0.00121,0.00000,0.00000,0.00000,0.00000,0.00000,0.00000,0.00376,0.00083,0.00000,0.00000,0.00000,0.00000
rno-miR-323-5p	1.000	0.00113,0.00000,0.00000,0.00000,0.00000,0.00000,0.00000,0.00000,0.00000,0.00000,0.00000,0.00000,0.00000,0.00000,0.00000,0.00000
rno-miR-324-3p	10.000	0.00226,0.00000,0.00000,0.00121,0.00000,0.00000,0.00000,0.00119,0.00173,0.00000,0.00000,0.00166,0.00128,0.00000,0.00000,0.00197
rno-miR-324-5p	28.000	0.00113,0.00000,0.00000,0.00000,0.00312,0.00392,0.00000,0.00237,0.00347,0.00000,0.00501,0.00000,0.00512,0.00750,0.00150,0.00296
rno-miR-325	3.000	0.00000,0.00000,0.00000,0.00000,0.00000,0.00000,0.00000,0.00000,0.00000,0.00000,0.00251,0.00083,0.00000,0.00000,0.00000,0.00000
rno-miR-326	11.000	0.00226,0.00000,0.00000,0.00364,0.00156,0.00000,0.00000,0.00000,0.00000,0.00000,0.00501,0.00000,0.00128,0.00000,0.00000,0.00000
rno-miR-327-5p	0.000	0.00000,0.00000,0.00000,0.00000,0.00000,0.00000,0.00000,0.00000,0.00000,0.00000,0.00000,0.00000,0.00000,0.00000,0.00000,0.00000
rno-miR-328	3.000	0.00226,0.00000,0.00000,0.00121,0.00000,0.00000,0.00000,0.00000,0.00000,0.00000,0.00000,0.00000,0.00000,0.00000,0.00000,0.00000
rno-miR-329-3p	0.000	0.00000,0.00000,0.00000,0.00000,0.00000,0.00000,0.00000,0.00000,0.00000,0.00000,0.00000,0.00000,0.00000,0.00000,0.00000,0.00000
rno-miR-33	15.000	0.00226,0.00159,0.00000,0.00000,0.00156,0.00196,0.00166,0.00237,0.00347,0.00153,0.00000,0.00083,0.00128,0.00000,0.00050,0.00000
rno-miR-330	3.000	0.00113,0.00000,0.00000,0.00000,0.00000,0.00000,0.00000,0.00000,0.00173,0.00000,0.00000,0.00000,0.00000,0.00000,0.00050,0.00000
rno-miR-331-3p	0.000	0.00000,0.00000,0.00000,0.00000,0.00000,0.00000,0.00000,0.00000,0.00000,0.00000,0.00000,0.00000,0.00000,0.00000,0.00000,0.00000
rno-miR-331-5p	0.000	0.00000,0.00000,0.00000,0.00000,0.00000,0.00000,0.00000,0.00000,0.00000,0.00000,0.00000,0.00000,0.00000,0.00000,0.00000,0.00000
rno-miR-333-5p	0.000	0.00000,0.00000,0.00000,0.00000,0.00000,0.00000,0.00000,0.00000,0.00000,0.00000,0.00000,0.00000,0.00000,0.00000,0.00000,0.00000
rno-miR-335	3.000	0.00000,0.00000,0.00000,0.00000,0.00000,0.00000,0.00000,0.00000,0.00000,0.00153,0.00000,0.00000,0.00256,0.00000,0.00000,0.00000
rno-miR-336-5p	0.000	0.00000,0.00000,0.00000,0.00000,0.00000,0.00000,0.00000,0.00000,0.00000,0.00000,0.00000,0.00000,0.00000,0.00000,0.00000,0.00000
rno-miR-337-3p	0.000	0.00000,0.00000,0.00000,0.00000,0.00000,0.00000,0.00000,0.00000,0.00000,0.00000,0.00000,0.00000,0.00000,0.00000,0.00000,0.00000
rno-miR-337-5p	0.000	0.00000,0.00000,0.00000,0.00000,0.00000,0.00000,0.00000,0.00000,0.00000,0.00000,0.00000,0.00000,0.00000,0.00000,0.00000,0.00000
rno-miR-338	16.000	0.00339,0.00000,0.00705,0.00242,0.00000,0.00196,0.00166,0.00356,0.00000,0.00000,0.00251,0.00000,0.00000,0.00000,0.00000,0.00000
rno-miR-339-3p	3.000	0.00000,0.00000,0.00000,0.00000,0.00000,0.00196,0.00000,0.00000,0.00000,0.00000,0.00000,0.00000,0.00256,0.00000,0.00000,0.00000
rno-miR-339-5p	7.000	0.00000,0.00079,0.00000,0.00000,0.00000,0.00000,0.00000,0.00000,0.00173,0.00000,0.00000,0.00166,0.00000,0.00150,0.00100,0.00000
rno-miR-340	1.000	0.00000,0.00000,0.00000,0.00000,0.00000,0.00000,0.00000,0.00000,0.00000,0.00000,0.00125,0.00000,0.00000,0.00000,0.00000,0.00000
rno-miR-341	6.000	0.00113,0.00159,0.00000,0.00242,0.00000,0.00000,0.00000,0.00000,0.00000,0.00000,0.00000,0.00083,0.00000,0.00000,0.00000,0.00000
rno-miR-342-3p	1.000	0.00000,0.00000,0.00000,0.00000,0.00000,0.00000,0.00000,0.00000,0.00000,0.00000,0.00125,0.00000,0.00000,0.00000,0.00000,0.00000
rno-miR-342-5p	1.000	0.00000,0.00000,0.00000,0.00000,0.00000,0.00000,0.00000,0.00000,0.00000,0.00000,0.00000,0.00000,0.00000,0.00000,0.00050,0.00000
rno-miR-343-3p	0.000	0.00000,0.00000,0.00000,0.00000,0.00000,0.00000,0.00000,0.00000,0.00000,0.00000,0.00000,0.00000,0.00000,0.00000,0.00000,0.00000
rno-miR-344	1.000	0.00000,0.00000,0.00000,0.00000,0.00000,0.00000,0.00000,0.00119,0.00000,0.00000,0.00000,0.00000,0.00000,0.00000,0.00000,0.00000
rno-miR-345	1.000	0.00000,0.00000,0.00176,0.00000,0.00000,0.00000,0.00000,0.00000,0.00000,0.00000,0.00000,0.00000,0.00000,0.00000,0.00000,0.00000
rno-miR-346	2.000	0.00000,0.00000,0.00000,0.00000,0.00000,0.00000,0.00000,0.00000,0.00000,0.00000,0.00000,0.00000,0.00256,0.00000,0.00000,0.00000
rno-miR-347-3p	0.000	0.00000,0.00000,0.00000,0.00000,0.00000,0.00000,0.00000,0.00000,0.00000,0.00000,0.00000,0.00000,0.00000,0.00000,0.00000,0.00000
rno-miR-349-3p	0.000	0.00000,0.00000,0.00000,0.00000,0.00000,0.00000,0.00000,0.00000,0.00000,0.00000,0.00000,0.00000,0.00000,0.00000,0.00000,0.00000
rno-miR-34a	8.000	0.00000,0.00000,0.00000,0.00000,0.00000,0.00000,0.00000,0.00000,0.00000,0.00000,0.00000,0.00000,0.00128,0.00000,0.00200,0.00296
rno-miR-34b-5p	0.000	0.00000,0.00000,0.00000,0.00000,0.00000,0.00000,0.00000,0.00000,0.00000,0.00000,0.00000,0.00000,0.00000,0.00000,0.00000,0.00000
rno-miR-34c	9.000	0.00000,0.00000,0.00000,0.00000,0.00000,0.00392,0.00498,0.00356,0.00000,0.00000,0.00125,0.00000,0.00000,0.00000,0.00000,0.00000
rno-miR-350-3p	0.000	0.00000,0.00000,0.00000,0.00000,0.00000,0.00000,0.00000,0.00000,0.00000,0.00000,0.00000,0.00000,0.00000,0.00000,0.00000,0.00000
rno-miR-351	1.000	0.00000,0.00000,0.00000,0.00000,0.00000,0.00000,0.00000,0.00000,0.00173,0.00000,0.00000,0.00000,0.00000,0.00000,0.00000,0.00000
rno-miR-361-5p	0.000	0.00000,0.00000,0.00000,0.00000,0.00000,0.00000,0.00000,0.00000,0.00000,0.00000,0.00000,0.00000,0.00000,0.00000,0.00000,0.00000
rno-miR-362-3p	0.000	0.00000,0.00000,0.00000,0.00000,0.00000,0.00000,0.00000,0.00000,0.00000,0.00000,0.00000,0.00000,0.00000,0.00000,0.00000,0.00000
rno-miR-362-5p	0.000	0.00000,0.00000,0.00000,0.00000,0.00000,0.00000,0.00000,0.00000,0.00000,0.00000,0.00000,0.00000,0.00000,0.00000,0.00000,0.00000
rno-miR-363	3.000	0.00000,0.00000,0.00000,0.00000,0.00156,0.00000,0.00332,0.00000,0.00000,0.00000,0.00000,0.00000,0.00000,0.00000,0.00000,0.00000
rno-miR-365-3p	0.000	0.00000,0.00000,0.00000,0.00000,0.00000,0.00000,0.00000,0.00000,0.00000,0.00000,0.00000,0.00000,0.00000,0.00000,0.00000,0.00000
rno-miR-368	3.000	0.00226,0.00000,0.00000,0.00121,0.00000,0.00000,0.00000,0.00000,0.00000,0.00000,0.00000,0.00000,0.00000,0.00000,0.00000,0.00000
rno-miR-369-3p	1.000	0.00000,0.00000,0.00000,0.00121,0.00000,0.00000,0.00000,0.00000,0.00000,0.00000,0.00000,0.00000,0.00000,0.00000,0.00000,0.00000
rno-miR-369-5p	1.000	0.00113,0.00000,0.00000,0.00000,0.00000,0.00000,0.00000,0.00000,0.00000,0.00000,0.00000,0.00000,0.00000,0.00000,0.00000,0.00000
rno-miR-370-3p	0.000	0.00000,0.00000,0.00000,0.00000,0.00000,0.00000,0.00000,0.00000,0.00000,0.00000,0.00000,0.00000,0.00000,0.00000,0.00000,0.00000
rno-miR-374	14.000	0.00000,0.00000,0.00176,0.00000,0.00156,0.00000,0.00000,0.00356,0.00000,0.00153,0.00000,0.00000,0.00000,0.00150,0.00300,0.00099
rno-miR-375	43.000	0.00000,0.00000,0.00000,0.00000,0.00000,0.00000,0.00000,0.00000,0.04159,0.02910,0.00000,0.00000,0.00000,0.00000,0.00000,0.00000
rno-miR-376a	8.000	0.00226,0.00000,0.00000,0.00606,0.00000,0.00000,0.00000,0.00000,0.00000,0.00000,0.00125,0.00000,0.00000,0.00000,0.00000,0.00000
rno-miR-376b-3p	7.000	0.00339,0.00000,0.00000,0.00485,0.00000,0.00000,0.00000,0.00000,0.00000,0.00000,0.00000,0.00000,0.00000,0.00000,0.00000,0.00000
rno-miR-376b-5p	2.000	0.00113,0.00000,0.00000,0.00000,0.00000,0.00000,0.00000,0.00000,0.00000,0.00000,0.00125,0.00000,0.00000,0.00000,0.00000,0.00000
rno-miR-377-3p	0.000	0.00000,0.00000,0.00000,0.00000,0.00000,0.00000,0.00000,0.00000,0.00000,0.00000,0.00000,0.00000,0.00000,0.00000,0.00000,0.00000
rno-miR-378	14.000	0.00113,0.00000,0.00000,0.00000,0.00000,0.00588,0.00000,0.00119,0.00000,0.00000,0.00000,0.00000,0.00000,0.00000,0.00351,0.00197
rno-miR-379	10.000	0.00451,0.00079,0.00000,0.00242,0.00000,0.00000,0.00000,0.00000,0.00000,0.00000,0.00125,0.00166,0.00000,0.00000,0.00000,0.00000
rno-miR-380	4.000	0.00113,0.00000,0.00000,0.00000,0.00000,0.00000,0.00000,0.00000,0.00000,0.00000,0.00251,0.00083,0.00000,0.00000,0.00000,0.00000
rno-miR-381	1.000	0.00000,0.00000,0.00000,0.00121,0.00000,0.00000,0.00000,0.00000,0.00000,0.00000,0.00000,0.00000,0.00000,0.00000,0.00000,0.00000
rno-miR-382	1.000	0.00000,0.00000,0.00000,0.00000,0.00000,0.00000,0.00000,0.00000,0.00000,0.00000,0.00125,0.00000,0.00000,0.00000,0.00000,0.00000
rno-miR-383-5p	0.000	0.00000,0.00000,0.00000,0.00000,0.00000,0.00000,0.00000,0.00000,0.00000,0.00000,0.00000,0.00000,0.00000,0.00000,0.00000,0.00000
rno-miR-384-3p	3.000	0.00000,0.00000,0.00000,0.00121,0.00000,0.00392,0.00000,0.00000,0.00000,0.00000,0.00000,0.00000,0.00000,0.00000,0.00000,0.00000
rno-miR-384-5p	6.000	0.00113,0.00000,0.00000,0.00000,0.00000,0.00000,0.00000,0.00000,0.00000,0.00000,0.00376,0.00000,0.00000,0.00000,0.00100,0.00000
rno-miR-409-3p	0.000	0.00000,0.00000,0.00000,0.00000,0.00000,0.00000,0.00000,0.00000,0.00000,0.00000,0.00000,0.00000,0.00000,0.00000,0.00000,0.00000
rno-miR-409-5p	0.000	0.00000,0.00000,0.00000,0.00000,0.00000,0.00000,0.00000,0.00000,0.00000,0.00000,0.00000,0.00000,0.00000,0.00000,0.00000,0.00000
rno-miR-410	2.000	0.00000,0.00000,0.00000,0.00000,0.00000,0.00000,0.00000,0.00000,0.00000,0.00000,0.00125,0.00083,0.00000,0.00000,0.00000,0.00000
rno-miR-411	9.000	0.00339,0.00000,0.00000,0.00364,0.00000,0.00000,0.00000,0.00000,0.00000,0.00000,0.00376,0.00000,0.00000,0.00000,0.00000,0.00000
rno-miR-412-3p	0.000	0.00000,0.00000,0.00000,0.00000,0.00000,0.00000,0.00000,0.00000,0.00000,0.00000,0.00000,0.00000,0.00000,0.00000,0.00000,0.00000
rno-miR-421-3p	0.000	0.00000,0.00000,0.00000,0.00000,0.00000,0.00000,0.00000,0.00000,0.00000,0.00000,0.00000,0.00000,0.00000,0.00000,0.00000,0.00000
rno-miR-421-5p	0.000	0.00000,0.00000,0.00000,0.00000,0.00000,0.00000,0.00000,0.00000,0.00000,0.00000,0.00000,0.00000,0.00000,0.00000,0.00000,0.00000
rno-miR-423	4.000	0.00000,0.00000,0.00000,0.00000,0.00000,0.00000,0.00000,0.00000,0.00000,0.00153,0.00000,0.00083,0.00128,0.00000,0.00050,0.00000
rno-miR-425	29.000	0.00000,0.00079,0.00353,0.00000,0.00156,0.00196,0.00166,0.00000,0.00520,0.00613,0.00000,0.00000,0.00895,0.00150,0.00100,0.00592
rno-miR-429-3p	0.000	0.00000,0.00000,0.00000,0.00000,0.00000,0.00000,0.00000,0.00000,0.00000,0.00000,0.00000,0.00000,0.00000,0.00000,0.00000,0.00000
rno-miR-431	2.000	0.00000,0.00000,0.00000,0.00121,0.00000,0.00000,0.00000,0.00000,0.00000,0.00000,0.00125,0.00000,0.00000,0.00000,0.00000,0.00000
rno-miR-433	6.000	0.00113,0.00000,0.00000,0.00364,0.00000,0.00000,0.00000,0.00000,0.00000,0.00000,0.00251,0.00000,0.00000,0.00000,0.00000,0.00000
rno-miR-434	7.000	0.00339,0.00000,0.00000,0.00121,0.00000,0.00000,0.00000,0.00000,0.00000,0.00000,0.00376,0.00000,0.00000,0.00000,0.00000,0.00000
rno-miR-448-3p	0.000	0.00000,0.00000,0.00000,0.00000,0.00000,0.00000,0.00000,0.00000,0.00000,0.00000,0.00000,0.00000,0.00000,0.00000,0.00000,0.00000
rno-miR-449a	3.000	0.00000,0.00000,0.00176,0.00000,0.00000,0.00000,0.00166,0.00000,0.00000,0.00000,0.00000,0.00000,0.00000,0.00150,0.00000,0.00000
rno-miR-449b-5p	0.000	0.00000,0.00000,0.00000,0.00000,0.00000,0.00000,0.00000,0.00000,0.00000,0.00000,0.00000,0.00000,0.00000,0.00000,0.00000,0.00000
rno-miR-450a-5p	0.000	0.00000,0.00000,0.00000,0.00000,0.00000,0.00000,0.00000,0.00000,0.00000,0.00000,0.00000,0.00000,0.00000,0.00000,0.00000,0.00000
rno-miR-450b-5p	0.000	0.00000,0.00000,0.00000,0.00000,0.00000,0.00000,0.00000,0.00000,0.00000,0.00000,0.00000,0.00000,0.00000,0.00000,0.00000,0.00000
rno-miR-451-5p	0.000	0.00000,0.00000,0.00000,0.00000,0.00000,0.00000,0.00000,0.00000,0.00000,0.00000,0.00000,0.00000,0.00000,0.00000,0.00000,0.00000
rno-miR-453-3p	0.000	0.00000,0.00000,0.00000,0.00000,0.00000,0.00000,0.00000,0.00000,0.00000,0.00000,0.00000,0.00000,0.00000,0.00000,0.00000,0.00000
rno-miR-455	3.000	0.00000,0.00000,0.00000,0.00000,0.00000,0.00000,0.00166,0.00000,0.00000,0.00000,0.00000,0.00000,0.00128,0.00150,0.00000,0.00000
rno-miR-463	2.000	0.00000,0.00000,0.00000,0.00000,0.00000,0.00000,0.00000,0.00000,0.00000,0.00000,0.00000,0.00000,0.00000,0.00000,0.00100,0.00000
rno-miR-465-3p	0.000	0.00000,0.00000,0.00000,0.00000,0.00000,0.00000,0.00000,0.00000,0.00000,0.00000,0.00000,0.00000,0.00000,0.00000,0.00000,0.00000
rno-miR-465-5p	0.000	0.00000,0.00000,0.00000,0.00000,0.00000,0.00000,0.00000,0.00000,0.00000,0.00000,0.00000,0.00000,0.00000,0.00000,0.00000,0.00000
rno-miR-466b	1.000	0.00000,0.00000,0.00000,0.00000,0.00000,0.00000,0.00000,0.00119,0.00000,0.00000,0.00000,0.00000,0.00000,0.00000,0.00000,0.00000
rno-miR-466c	2.000	0.00000,0.00000,0.00000,0.00000,0.00000,0.00000,0.00000,0.00119,0.00000,0.00000,0.00125,0.00000,0.00000,0.00000,0.00000,0.00000
rno-miR-467a	1.000	0.00000,0.00000,0.00000,0.00000,0.00000,0.00000,0.00000,0.00119,0.00000,0.00000,0.00000,0.00000,0.00000,0.00000,0.00000,0.00000
rno-miR-471	1.000	0.00000,0.00000,0.00000,0.00000,0.00156,0.00000,0.00000,0.00000,0.00000,0.00000,0.00000,0.00000,0.00000,0.00000,0.00000,0.00000
rno-miR-483-3p	0.000	0.00000,0.00000,0.00000,0.00000,0.00000,0.00000,0.00000,0.00000,0.00000,0.00000,0.00000,0.00000,0.00000,0.00000,0.00000,0.00000
rno-miR-483-5p	0.000	0.00000,0.00000,0.00000,0.00000,0.00000,0.00000,0.00000,0.00000,0.00000,0.00000,0.00000,0.00000,0.00000,0.00000,0.00000,0.00000
rno-miR-484	1.000	0.00000,0.00000,0.00000,0.00000,0.00000,0.00000,0.00000,0.00000,0.00000,0.00000,0.00000,0.00000,0.00000,0.00150,0.00000,0.00000
rno-miR-485	3.000	0.00226,0.00000,0.00000,0.00000,0.00000,0.00000,0.00000,0.00000,0.00000,0.00000,0.00125,0.00000,0.00000,0.00000,0.00000,0.00000
rno-miR-487b-3p	0.000	0.00000,0.00000,0.00000,0.00000,0.00000,0.00000,0.00000,0.00000,0.00000,0.00000,0.00000,0.00000,0.00000,0.00000,0.00000,0.00000
rno-miR-488	18.000	0.00113,0.00556,0.00000,0.00121,0.00000,0.00000,0.00000,0.00000,0.00000,0.00000,0.00251,0.00581,0.00000,0.00000,0.00000,0.00000
rno-miR-489-3p	0.000	0.00000,0.00000,0.00000,0.00000,0.00000,0.00000,0.00000,0.00000,0.00000,0.00000,0.00000,0.00000,0.00000,0.00000,0.00000,0.00000
rno-miR-490-5p	0.000	0.00000,0.00000,0.00000,0.00000,0.00000,0.00000,0.00000,0.00000,0.00000,0.00000,0.00000,0.00000,0.00000,0.00000,0.00000,0.00000
rno-miR-493-3p	0.000	0.00000,0.00000,0.00000,0.00000,0.00000,0.00000,0.00000,0.00000,0.00000,0.00000,0.00000,0.00000,0.00000,0.00000,0.00000,0.00000
rno-miR-494-3p	0.000	0.00000,0.00000,0.00000,0.00000,0.00000,0.00000,0.00000,0.00000,0.00000,0.00000,0.00000,0.00000,0.00000,0.00000,0.00000,0.00000
rno-miR-495	1.000	0.00000,0.00000,0.00000,0.00000,0.00000,0.00000,0.00000,0.00000,0.00000,0.00000,0.00125,0.00000,0.00000,0.00000,0.00000,0.00000
rno-miR-496-3p	0.000	0.00000,0.00000,0.00000,0.00000,0.00000,0.00000,0.00000,0.00000,0.00000,0.00000,0.00000,0.00000,0.00000,0.00000,0.00000,0.00000
rno-miR-497	15.000	0.00000,0.00000,0.00000,0.00000,0.00000,0.00000,0.00000,0.00000,0.00347,0.00613,0.00251,0.00000,0.00512,0.00300,0.00050,0.00000
rno-miR-499-5p	0.000	0.00000,0.00000,0.00000,0.00000,0.00000,0.00000,0.00000,0.00000,0.00000,0.00000,0.00000,0.00000,0.00000,0.00000,0.00000,0.00000
rno-miR-500	15.000	0.00000,0.00000,0.00176,0.00000,0.00312,0.00784,0.00000,0.00237,0.00000,0.00613,0.00000,0.00000,0.00000,0.00000,0.00100,0.00000
rno-miR-501-3p	0.000	0.00000,0.00000,0.00000,0.00000,0.00000,0.00000,0.00000,0.00000,0.00000,0.00000,0.00000,0.00000,0.00000,0.00000,0.00000,0.00000
rno-miR-501-5p	0.000	0.00000,0.00000,0.00000,0.00000,0.00000,0.00000,0.00000,0.00000,0.00000,0.00000,0.00000,0.00000,0.00000,0.00000,0.00000,0.00000
rno-miR-503	26.000	0.00000,0.00000,0.00176,0.00000,0.00156,0.00000,0.00166,0.00119,0.01040,0.02144,0.00000,0.00000,0.00000,0.00150,0.00050,0.00000
rno-miR-504-5p	0.000	0.00000,0.00000,0.00000,0.00000,0.00000,0.00000,0.00000,0.00000,0.00000,0.00000,0.00000,0.00000,0.00000,0.00000,0.00000,0.00000
rno-miR-505-3p	0.000	0.00000,0.00000,0.00000,0.00000,0.00000,0.00000,0.00000,0.00000,0.00000,0.00000,0.00000,0.00000,0.00000,0.00000,0.00000,0.00000
rno-miR-509-3p	0.000	0.00000,0.00000,0.00000,0.00000,0.00000,0.00000,0.00000,0.00000,0.00000,0.00000,0.00000,0.00000,0.00000,0.00000,0.00000,0.00000
rno-miR-509-5p	0.000	0.00000,0.00000,0.00000,0.00000,0.00000,0.00000,0.00000,0.00000,0.00000,0.00000,0.00000,0.00000,0.00000,0.00000,0.00000,0.00000
rno-miR-511-5p	0.000	0.00000,0.00000,0.00000,0.00000,0.00000,0.00000,0.00000,0.00000,0.00000,0.00000,0.00000,0.00000,0.00000,0.00000,0.00000,0.00000
rno-miR-532-3p	3.000	0.00000,0.00000,0.00000,0.00000,0.00156,0.00000,0.00000,0.00000,0.00000,0.00153,0.00000,0.00000,0.00000,0.00000,0.00050,0.00000
rno-miR-532-5p	13.000	0.00000,0.00000,0.00000,0.00000,0.00000,0.00980,0.00166,0.00119,0.00000,0.00000,0.00000,0.00000,0.00128,0.00000,0.00150,0.00197
rno-miR-539	1.000	0.00113,0.00000,0.00000,0.00000,0.00000,0.00000,0.00000,0.00000,0.00000,0.00000,0.00000,0.00000,0.00000,0.00000,0.00000,0.00000
rno-miR-540-3p	0.000	0.00000,0.00000,0.00000,0.00000,0.00000,0.00000,0.00000,0.00000,0.00000,0.00000,0.00000,0.00000,0.00000,0.00000,0.00000,0.00000
rno-miR-540-5p	0.000	0.00000,0.00000,0.00000,0.00000,0.00000,0.00000,0.00000,0.00000,0.00000,0.00000,0.00000,0.00000,0.00000,0.00000,0.00000,0.00000
rno-miR-541	2.000	0.00113,0.00000,0.00000,0.00121,0.00000,0.00000,0.00000,0.00000,0.00000,0.00000,0.00000,0.00000,0.00000,0.00000,0.00000,0.00000
rno-miR-542-3p	1.000	0.00000,0.00000,0.00000,0.00000,0.00000,0.00000,0.00000,0.00000,0.00000,0.00000,0.00000,0.00083,0.00000,0.00000,0.00000,0.00000
rno-miR-542-5p	2.000	0.00000,0.00000,0.00000,0.00000,0.00000,0.00000,0.00000,0.00119,0.00173,0.00000,0.00000,0.00000,0.00000,0.00000,0.00000,0.00000
rno-miR-543	1.000	0.00000,0.00000,0.00000,0.00000,0.00000,0.00000,0.00000,0.00000,0.00000,0.00000,0.00000,0.00083,0.00000,0.00000,0.00000,0.00000
rno-miR-544-3p	0.000	0.00000,0.00000,0.00000,0.00000,0.00000,0.00000,0.00000,0.00000,0.00000,0.00000,0.00000,0.00000,0.00000,0.00000,0.00000,0.00000
rno-miR-547-3p	0.000	0.00000,0.00000,0.00000,0.00000,0.00000,0.00000,0.00000,0.00000,0.00000,0.00000,0.00000,0.00000,0.00000,0.00000,0.00000,0.00000
rno-miR-551b-3p	0.000	0.00000,0.00000,0.00000,0.00000,0.00000,0.00000,0.00000,0.00000,0.00000,0.00000,0.00000,0.00000,0.00000,0.00000,0.00000,0.00000
rno-miR-568-5p	0.000	0.00000,0.00000,0.00000,0.00000,0.00000,0.00000,0.00000,0.00000,0.00000,0.00000,0.00000,0.00000,0.00000,0.00000,0.00000,0.00000
rno-miR-582-3p	0.000	0.00000,0.00000,0.00000,0.00000,0.00000,0.00000,0.00000,0.00000,0.00000,0.00000,0.00000,0.00000,0.00000,0.00000,0.00000,0.00000
rno-miR-582-5p	0.000	0.00000,0.00000,0.00000,0.00000,0.00000,0.00000,0.00000,0.00000,0.00000,0.00000,0.00000,0.00000,0.00000,0.00000,0.00000,0.00000
rno-miR-590-3p	0.000	0.00000,0.00000,0.00000,0.00000,0.00000,0.00000,0.00000,0.00000,0.00000,0.00000,0.00000,0.00000,0.00000,0.00000,0.00000,0.00000
rno-miR-590-5p	0.000	0.00000,0.00000,0.00000,0.00000,0.00000,0.00000,0.00000,0.00000,0.00000,0.00000,0.00000,0.00000,0.00000,0.00000,0.00000,0.00000
rno-miR-592-5p	0.000	0.00000,0.00000,0.00000,0.00000,0.00000,0.00000,0.00000,0.00000,0.00000,0.00000,0.00000,0.00000,0.00000,0.00000,0.00000,0.00000
rno-miR-598-3p	1.000	0.00000,0.00000,0.00000,0.00000,0.00000,0.00000,0.00000,0.00000,0.00000,0.00000,0.00125,0.00000,0.00000,0.00000,0.00000,0.00000
rno-miR-598-5p	1.000	0.00000,0.00000,0.00000,0.00000,0.00000,0.00196,0.00000,0.00000,0.00000,0.00000,0.00000,0.00000,0.00000,0.00000,0.00000,0.00000
rno-miR-615-3p	0.000	0.00000,0.00000,0.00000,0.00000,0.00000,0.00000,0.00000,0.00000,0.00000,0.00000,0.00000,0.00000,0.00000,0.00000,0.00000,0.00000
rno-miR-615-5p	0.000	0.00000,0.00000,0.00000,0.00000,0.00000,0.00000,0.00000,0.00000,0.00000,0.00000,0.00000,0.00000,0.00000,0.00000,0.00000,0.00000
rno-miR-652	16.000	0.00113,0.00079,0.00000,0.00242,0.00000,0.00000,0.00166,0.00119,0.00000,0.00306,0.00000,0.00000,0.00512,0.00150,0.00150,0.00000
rno-miR-653-5p	0.000	0.00000,0.00000,0.00000,0.00000,0.00000,0.00000,0.00000,0.00000,0.00000,0.00000,0.00000,0.00000,0.00000,0.00000,0.00000,0.00000
rno-miR-654-3p	0.000	0.00000,0.00000,0.00000,0.00000,0.00000,0.00000,0.00000,0.00000,0.00000,0.00000,0.00000,0.00000,0.00000,0.00000,0.00000,0.00000
rno-miR-654-5p	0.000	0.00000,0.00000,0.00000,0.00000,0.00000,0.00000,0.00000,0.00000,0.00000,0.00000,0.00000,0.00000,0.00000,0.00000,0.00000,0.00000
rno-miR-665-3p	0.000	0.00000,0.00000,0.00000,0.00000,0.00000,0.00000,0.00000,0.00000,0.00000,0.00000,0.00000,0.00000,0.00000,0.00000,0.00000,0.00000
rno-miR-666-3p	0.000	0.00000,0.00000,0.00000,0.00000,0.00000,0.00000,0.00000,0.00000,0.00000,0.00000,0.00000,0.00000,0.00000,0.00000,0.00000,0.00000
rno-miR-671	1.000	0.00000,0.00000,0.00000,0.00000,0.00000,0.00000,0.00000,0.00000,0.00000,0.00153,0.00000,0.00000,0.00000,0.00000,0.00000,0.00000
rno-miR-672	11.000	0.00000,0.00000,0.00000,0.00000,0.00000,0.00000,0.00000,0.00000,0.00000,0.00000,0.00000,0.00166,0.00384,0.00450,0.00150,0.00000
rno-miR-673	2.000	0.00000,0.00000,0.00000,0.00242,0.00000,0.00000,0.00000,0.00000,0.00000,0.00000,0.00000,0.00000,0.00000,0.00000,0.00000,0.00000
rno-miR-674-3p	2.000	0.00000,0.00000,0.00000,0.00000,0.00000,0.00000,0.00000,0.00119,0.00000,0.00000,0.00000,0.00000,0.00000,0.00000,0.00050,0.00000
rno-miR-674-5p	8.000	0.00000,0.00000,0.00000,0.00000,0.00000,0.00000,0.00000,0.00000,0.00000,0.00000,0.00251,0.00083,0.00256,0.00000,0.00100,0.00099
rno-miR-708	28.000	0.00339,0.01349,0.00000,0.00242,0.00000,0.00000,0.00000,0.00000,0.00000,0.00000,0.00251,0.00249,0.00000,0.00000,0.00050,0.00000
rno-miR-741-3p	0.000	0.00000,0.00000,0.00000,0.00000,0.00000,0.00000,0.00000,0.00000,0.00000,0.00000,0.00000,0.00000,0.00000,0.00000,0.00000,0.00000
rno-miR-742	1.000	0.00000,0.00000,0.00000,0.00000,0.00000,0.00000,0.00000,0.00000,0.00000,0.00000,0.00000,0.00000,0.00000,0.00000,0.00050,0.00000
rno-miR-743a	1.000	0.00000,0.00000,0.00000,0.00000,0.00000,0.00000,0.00000,0.00000,0.00000,0.00000,0.00000,0.00000,0.00000,0.00150,0.00000,0.00000
rno-miR-743b-3p	0.000	0.00000,0.00000,0.00000,0.00000,0.00000,0.00000,0.00000,0.00000,0.00000,0.00000,0.00000,0.00000,0.00000,0.00000,0.00000,0.00000
rno-miR-743b-5p	0.000	0.00000,0.00000,0.00000,0.00000,0.00000,0.00000,0.00000,0.00000,0.00000,0.00000,0.00000,0.00000,0.00000,0.00000,0.00000,0.00000
rno-miR-744	33.000	0.00113,0.00476,0.00353,0.00000,0.00467,0.00784,0.00000,0.00119,0.00347,0.00613,0.00125,0.00332,0.00384,0.00300,0.00000,0.00000
rno-miR-758	1.000	0.00000,0.00000,0.00000,0.00000,0.00000,0.00000,0.00000,0.00000,0.00000,0.00000,0.00125,0.00000,0.00000,0.00000,0.00000,0.00000
rno-miR-760-3p	5.000	0.00113,0.00079,0.00000,0.00000,0.00000,0.00196,0.00000,0.00000,0.00173,0.00000,0.00000,0.00000,0.00000,0.00000,0.00000,0.00099
rno-miR-760-5p	1.000	0.00000,0.00000,0.00000,0.00000,0.00000,0.00000,0.00000,0.00000,0.00000,0.00153,0.00000,0.00000,0.00000,0.00000,0.00000,0.00000
rno-miR-770	1.000	0.00000,0.00079,0.00000,0.00000,0.00000,0.00000,0.00000,0.00000,0.00000,0.00000,0.00000,0.00000,0.00000,0.00000,0.00000,0.00000
rno-miR-7a	4.750	0.00000,0.00040,0.00000,0.00121,0.00078,0.00147,0.00000,0.00059,0.00000,0.00000,0.00125,0.00000,0.00064,0.00000,0.00000,0.00000
rno-miR-7a-3p	1.000	0.00000,0.00000,0.00000,0.00121,0.00000,0.00000,0.00000,0.00000,0.00000,0.00000,0.00000,0.00000,0.00000,0.00000,0.00000,0.00000
rno-miR-7a-5p	4.750	0.00000,0.00040,0.00000,0.00121,0.00078,0.00147,0.00000,0.00059,0.00000,0.00000,0.00125,0.00000,0.00064,0.00000,0.00000,0.00000
rno-miR-7b	1.500	0.00113,0.00000,0.00000,0.00000,0.00000,0.00098,0.00000,0.00000,0.00000,0.00000,0.00000,0.00000,0.00000,0.00000,0.00000,0.00000
rno-miR-802-5p	0.000	0.00000,0.00000,0.00000,0.00000,0.00000,0.00000,0.00000,0.00000,0.00000,0.00000,0.00000,0.00000,0.00000,0.00000,0.00000,0.00000
rno-miR-871-5p	0.000	0.00000,0.00000,0.00000,0.00000,0.00000,0.00000,0.00000,0.00000,0.00000,0.00000,0.00000,0.00000,0.00000,0.00000,0.00000,0.00000
rno-miR-872	373.000	0.00000,0.00873,0.02822,0.00000,0.10280,0.24706,0.05482,0.09490,0.01386,0.01685,0.00125,0.00000,0.00384,0.00600,0.00551,0.00296
rno-miR-873	2.000	0.00113,0.00000,0.00000,0.00000,0.00000,0.00000,0.00000,0.00000,0.00000,0.00000,0.00000,0.00083,0.00000,0.00000,0.00000,0.00000
rno-miR-874-3p	0.000	0.00000,0.00000,0.00000,0.00000,0.00000,0.00000,0.00000,0.00000,0.00000,0.00000,0.00000,0.00000,0.00000,0.00000,0.00000,0.00000
rno-miR-875-3p	0.000	0.00000,0.00000,0.00000,0.00000,0.00000,0.00000,0.00000,0.00000,0.00000,0.00000,0.00000,0.00000,0.00000,0.00000,0.00000,0.00000
rno-miR-875-5p	0.000	0.00000,0.00000,0.00000,0.00000,0.00000,0.00000,0.00000,0.00000,0.00000,0.00000,0.00000,0.00000,0.00000,0.00000,0.00000,0.00000
rno-miR-876-3p	0.000	0.00000,0.00000,0.00000,0.00000,0.00000,0.00000,0.00000,0.00000,0.00000,0.00000,0.00000,0.00000,0.00000,0.00000,0.00000,0.00000
rno-miR-876-5p	0.000	0.00000,0.00000,0.00000,0.00000,0.00000,0.00000,0.00000,0.00000,0.00000,0.00000,0.00000,0.00000,0.00000,0.00000,0.00000,0.00000
rno-miR-877	2.000	0.00000,0.00000,0.00000,0.00000,0.00000,0.00196,0.00000,0.00000,0.00000,0.00000,0.00125,0.00000,0.00000,0.00000,0.00000,0.00000
rno-miR-878	1.000	0.00000,0.00000,0.00000,0.00000,0.00156,0.00000,0.00000,0.00000,0.00000,0.00000,0.00000,0.00000,0.00000,0.00000,0.00000,0.00000
rno-miR-879	5.000	0.00000,0.00079,0.00000,0.00000,0.00000,0.00000,0.00000,0.00000,0.00000,0.00459,0.00000,0.00000,0.00000,0.00000,0.00050,0.00000
rno-miR-880	3.000	0.00000,0.00000,0.00000,0.00000,0.00000,0.00000,0.00000,0.00000,0.00000,0.00000,0.00000,0.00000,0.00256,0.00000,0.00050,0.00000
rno-miR-881-3p	0.000	0.00000,0.00000,0.00000,0.00000,0.00000,0.00000,0.00000,0.00000,0.00000,0.00000,0.00000,0.00000,0.00000,0.00000,0.00000,0.00000
rno-miR-882a-5p	0.000	0.00000,0.00000,0.00000,0.00000,0.00000,0.00000,0.00000,0.00000,0.00000,0.00000,0.00000,0.00000,0.00000,0.00000,0.00000,0.00000
rno-miR-882b-5p	0.000	0.00000,0.00000,0.00000,0.00000,0.00000,0.00000,0.00000,0.00000,0.00000,0.00000,0.00000,0.00000,0.00000,0.00000,0.00000,0.00000
rno-miR-883-3p	0.000	0.00000,0.00000,0.00000,0.00000,0.00000,0.00000,0.00000,0.00000,0.00000,0.00000,0.00000,0.00000,0.00000,0.00000,0.00000,0.00000
rno-miR-9	1256.000	0.12077,0.24683,0.07937,0.16606,0.11838,0.17059,0.10465,0.13998,0.00000,0.00000,0.10902,0.18688,0.00000,0.00000,0.00000,0.00000
rno-miR-92a	6.000	0.00000,0.00000,0.00000,0.00000,0.00000,0.00000,0.00000,0.00000,0.00000,0.00000,0.00125,0.00249,0.00128,0.00150,0.00000,0.00000
rno-miR-92b	4.000	0.00000,0.00000,0.00000,0.00000,0.00000,0.00000,0.00000,0.00000,0.00000,0.00000,0.00376,0.00000,0.00128,0.00000,0.00000,0.00000
rno-miR-93	50.000	0.00000,0.00238,0.00529,0.00121,0.00312,0.00000,0.00831,0.00593,0.00693,0.00306,0.00000,0.00083,0.01918,0.00900,0.00000,0.00296
rno-miR-96	14.000	0.00000,0.00000,0.00000,0.00000,0.00000,0.00000,0.00000,0.00000,0.00173,0.00459,0.00000,0.00000,0.00512,0.00000,0.00200,0.00197
rno-miR-98	6.000	0.00000,0.00079,0.00000,0.00121,0.00000,0.00000,0.00000,0.00000,0.00000,0.00000,0.00000,0.00000,0.00128,0.00000,0.00150,0.00000
rno-miR-99a	110.000	0.01129,0.03413,0.00176,0.01212,0.00000,0.00000,0.00000,0.00000,0.00000,0.00000,0.00251,0.01952,0.00320,0.00600,0.00150,0.01086
rno-miR-99b	322.000	0.00790,0.00317,0.02116,0.00970,0.00312,0.00196,0.02326,0.00474,0.01386,0.01072,0.01253,0.01163,0.09591,0.09595,0.03205,0.02764
